61 14
78 8
25 54
63 84
59 76
18 54
72 49
15 83
47 76
3 97
87 42
41 24
52 65
57 66
1 11
3 11
76 70
99 36
91 31
68 83
93 47
41 19
51 39
7 26
93 10
98 52
36 50
60 73
80 37
25 20
86 83
60 27
39 34
67 38
62 71
31 80
61 81
36 52
43 34
32 88
71 18
11 6
77 63
44 46
49 45
70 15
86 70
16 37
57 43
98 2
24 35
10 97
67 25
54 11
81 26
95 4
27 7
72 87
25 37
36 25
42 13
64 45
64 4
92 81
11 61
58 87
79 80
81 36
37 31
46 67
86 5
85 56
39 51
65 13
75 76
10 76
14 9
73 50
59 89
5 94
59 94
55 99
61 87
43 11
74 3
74 57
45 85
22 66
100 25
90 18
15 59
8 99
81 37
21 39
11 67
74 84
91 62
5 67
60 76
7 16